000110011110101010111
1100001101
11000100
011011100001101
101011001100001
1110110001101110100
111001000001011001
1000
1011100101
1010010111111111000101001101
0001011001001
1001000100111010001101001101010
00011011010000101
00001011000
110111000000011000010100110111
00001
0001011011101101000000
11110000110110010100011
1111010110110001000001
11011
101011010000010100
011000
0111100010
100111100
11010110011110100110
111111100100001010001111100
001101111110110010111
0101101101010
11110001111101000100101
110010110100001101000
1100110111010111000110001000
10111001110100001100101
10111111100
00111100011100101111111000
101011
10010000111000001001111
111000111011010
010100010001100110
001111001
001101100010001001
00000100101100010100
01000111101000000
01100010101
011101011000100010000100100
1000100
100011100
11010101101001100110
1000111001011010
100111000100011100100
110101101011010001110
000001
0011011101011111101
0001101
11001000101
1101110001010111011101
0000101110
10011000010100
010010100011101110000
110001111010010110
011110110011011101101101
000011110100
00100
1101000110000111001
0011100111100001
111000011
001011100000
11011
001001011011110001010111110
0100000110101010011110110100111
0101110110001111001101
0001110010111
010111001011000011111010
00010011110000011110100
1000000100010100011
10100001110
11111100
10010100100
01000000100011
10101101000110
0111011
1111100011100
111111010011111
001100100111011010
011010100010000
0111010010111100011
01000001101100010
110001100101100000
110010011001011110
00010010011100111010
101
0101011000111001
010011010010
00001110101
011111000011
0011100000001010
010101001011000101
00101011110001
11000001110011
0100001010
01011001111011010
11000100011
001000100100110001
01111111001101
000111101100100000011011101001
010001011100101000
1011111101100010110
10001100001110
01000101001
11100011000100000111
011010011111110111010100
0111010010011
00000001000001000
110100110010111111
00011000010110100
01110110100
1011101111101011101111000
0000111000101111010100
1101111111001010
000010110101000000010
110011010
100010001100000101011
111000000111100100
00101100101110000001011010000
101011001010000011011
110101101000000001
10001001100001011100
10110000010011111
0100111001000
110110
001100111110000
011101000000001001101001
1000100111111100100
100000111111100111100001
0101001011101000
001010001
10101001101011001
0011100011010101
1110000101100110100
0110111101100010011
11011110110101001101001
111110111011101
010010010
101101000011000101000101
0100001011011111010001
0101011110001100010
00001110011101100
01100110011101
10011111010010011000101
010001010111000010
011101101111110110011100100
0111100000010100101110110
101101010
100101101
111000111
1101000111110
00011011111
111001110111100110
01111111100010110
000101010111010001
000010101110111
00101001001011101100000110100
000110100101100
10001
101110011000
01010000
01110110001011
1010101001111010
001011011000
011011011000000
11101100101111011
010011010111011111111110
1011110010001011111
101001010010101001001100011010
1110110110011100
000101101
0100010111110000011001
01010101110100110110111001
11001001101001100
01101100010110011101001
0110101000011
1110100010101
00100010111010
00000011000
000011100001100110010011
101111001001111101
10111111111101000101101
10000010101110001111010
1110011000111011110111
0110111000001100
01001011101010001110110000110
000000100001
00100001110001011111
01101010010
111111000
1001010011
100110001000101
0010110010010110001010010011011
101110100100011100110001
1001011110011010011
0101111100001
